           CPU0       CPU1       CPU2       CPU3       CPU4       CPU5       CPU6       CPU7       CPU8       CPU9       CPU10      CPU11      CPU12      CPU13      CPU14      CPU15      
  0:         13          0          0          0          0          0          0          0          0          0          0          0          0          0          0          0  IR-IO-APIC   2-edge      timer
  8:          0          0          0          0          0          0          0          0          0          0          0          0          0          0          0          0  IR-IO-APIC   8-edge      rtc0
  9:          0          0          0          0          0          0          0          0          0          0          0          0          0          0          0          0  IR-IO-APIC   9-fasteoi   acpi
 10:          0          0       3365          0          0          0          0          0          0          0          0          0          0          0          0          0  IR-IO-APIC  10-edge      ipmi_si
 18:          0          0          0          0          0          0          0          0          0          0          0         64          0          0          0          0  IR-IO-APIC  18-fasteoi   ehci_hcd:usb1, ehci_hcd:usb2
 25:          0          0          0          0          0          0          0          0          0          0          0          0          0          0          0          0  IR-PCI-MSI 16384-edge      PCIe PME, aerdrv
 26:          0          0          0          0          0          0          0          0          0          0          0          0          0          0          0          0  IR-PCI-MSI 32768-edge      PCIe PME, aerdrv
 27:          0          0          0          0          0          0          0          0          0          0          0          0          0          0          0          0  IR-PCI-MSI 49152-edge      PCIe PME, aerdrv
 28:          0          0          0          0          0          0          0          0          0          0          0          0          0          0          0          0  IR-PCI-MSI 458752-edge      PCIe PME, pciehp
 29:          0          0          0          0          0          0          0          0          0          0          0          0          0          0          0          0  IR-PCI-MSI 460800-edge      PCIe PME, aerdrv
 30:          0          0          0          0          0          0          0          0          0          0          0          0          0          0          0          0  IR-PCI-MSI 462848-edge      PCIe PME, aerdrv
 31:          0          0          0          0          0          0          0          0          0          0          0          0          0          0          0          0  IR-PCI-MSI 464896-edge      PCIe PME, aerdrv
 35:        265        966        544       1128        480        416        336        289        112        849        320        994        120        424        592        161  IR-PCI-MSI 524288-edge      megasas0-msix0
 36:    1280952          0          0          0          0          0          0          0          0          0          0          0          0          0          0          0  IR-PCI-MSI 524289-edge      megasas0-msix1
 37:          0    1025271          0          0          0          0          0          0          0          0          0          0          0          0          0          0  IR-PCI-MSI 524290-edge      megasas0-msix2
 38:          0          0     909574          0          0          0          0          0          0          0          0          0          0          0          0          0  IR-PCI-MSI 524291-edge      megasas0-msix3
 39:          0          0          0     863447          0          0          0          0          0          0          0          0          0          0          0          0  IR-PCI-MSI 524292-edge      megasas0-msix4
 40:          0          0          0          0     813602          0          0          0          0          0          0          0          0          0          0          0  IR-PCI-MSI 524293-edge      megasas0-msix5
 41:          0          0          0          0          0     809049          0          0          0          0          0          0          0          0          0          0  IR-PCI-MSI 524294-edge      megasas0-msix6
 42:          0          0          0          0          0          0     779569          0          0          0          0          0          0          0          0          0  IR-PCI-MSI 524295-edge      megasas0-msix7
 43:          0          0          0          0          0          0          0     769546          0          0          0          0          0          0          0          0  IR-PCI-MSI 524296-edge      megasas0-msix8
 44:          0          0          0          0          0          0          0          0     680394          0          0          0          0          0          0          0  IR-PCI-MSI 524297-edge      megasas0-msix9
 45:          0          0          0          0          0          0          0          0          0     668372          0          0          0          0          0          0  IR-PCI-MSI 524298-edge      megasas0-msix10
 46:          0          0          0          0          0          0          0          0          0          0     667532          0          0          0          0          0  IR-PCI-MSI 524299-edge      megasas0-msix11
 47:          0          0          0          0          0          0          0          0          0          0          0     643167          0          0          0          0  IR-PCI-MSI 524300-edge      megasas0-msix12
 48:          0          0          0          0          0          0          0          0          0          0          0          0          0          0          0          0  DMAR-MSI   0-edge      dmar0
 49:          0          0          0          0          0          0          0          0          0          0          0          0    1170743          0          0          0  IR-PCI-MSI 524301-edge      megasas0-msix13
 50:          0          0          0          0          0          0          0          0          0          0          0          0          0     744403          0          0  IR-PCI-MSI 524302-edge      megasas0-msix14
 51:          0          0          0          0          0          0          0          0          0          0          0          0          0          0     699553          0  IR-PCI-MSI 524303-edge      megasas0-msix15
 52:          0          0          0          0          0          0          0          0          0          0          0          0          0          0          0     632030  IR-PCI-MSI 524304-edge      megasas0-msix16
 53:          0          0          0          0          0          0          0          0          0          0          0          0          0          0          0          0  IR-PCI-MSI 286720-edge      ahci[0000:00:11.4]
 54:          0          0          0          0          0          0          0          0          0          0          0          0          0          0         42          0  IR-PCI-MSI 327680-edge      xhci_hcd
 56:      37060      73650      12616     120178      27525      50256      30932     140713      18264      64151      20294     131314      21439      78021      35304      70009  IR-PCI-MSI 512000-edge      ahci[0000:00:1f.2]
 57:    6032603    6655924       1929    1823118   14088852    2966226    6712860    4363491    3559830    8026443   28615901    5330323   13157467    1629522    5200279   12383988  IR-PCI-MSI 2097152-edge      enp4s0-TxRx-0
 58:    3236552   10273749    1656686    5725089    8140580    9974159    3701277    3694287   11351079    9167695    1223328    7252399    1244191    6883697    4557678    2742751  IR-PCI-MSI 2097153-edge      enp4s0-TxRx-1
 59:    2186195    4905860    1592366    5694356    8814374    4221376   11196055   10624625    2147396    6436848    7250182    7824618     655372    8414303    6380682    2404256  IR-PCI-MSI 2097154-edge      enp4s0-TxRx-2
 60:     756599    4782589    3351486    3348930   10370982    8405770    3956313    5944742     308367    5564354    5924202    5947982   20379542    4469383    3047646    5110063  IR-PCI-MSI 2097155-edge      enp4s0-TxRx-3
 61:   12477603    1803099    7833526    4286589    2448944    2280406     985307   11841543   11081196    9561305    3281854    6944915    4162140    1571937    4594084    4974955  IR-PCI-MSI 2097156-edge      enp4s0-TxRx-4
 62:   16291148    9389585    6097239    2744583    4543949    3296471    7309141    8769675    5522793    2469876    1268060    6065745    1095698    5346492    6135191    5965060  IR-PCI-MSI 2097157-edge      enp4s0-TxRx-5
 63:    6504353    7418833    6167175    8634299    9925050    1478242    2110320    9392760    7818492    2683065    3004993    4050965    3641823   12423049    9451058    1484826  IR-PCI-MSI 2097158-edge      enp4s0-TxRx-6
 64:    7832825    6858477   16308920    8137637     855810    2808915    4331110    2452905   18705648    4148958    2571685    5231675    9459098    7806856    5984973     707158  IR-PCI-MSI 2097159-edge      enp4s0-TxRx-7
 65:    1836927    5458132   12398261    5491998    5905700    5223711     115610    4252806    6420138    4834603    2920982    5319816    6112940    5573895    7222506   11021048  IR-PCI-MSI 2097160-edge      enp4s0-TxRx-8
 66:    3013612    8178569     388821    6720816    1124105    8639416    2124961   10891850    2037228    7719340   10069926    8590765    3173706   11285891    6130327    9087968  IR-PCI-MSI 2097161-edge      enp4s0-TxRx-9
 67:    7560431    7660353    8798220    9266312    7794431   12933878    1953044    6706644      78277    4402125    2183007   10869099    6675931    4954844    8658351    2950230  IR-PCI-MSI 2097162-edge      enp4s0-TxRx-10
 68:    2966465    8076449    2706879    9094758     779911    4582523   13148971    3143594    2509549    7050208    9450965    8923555    6855026    4350750    8042432    8352323  IR-PCI-MSI 2097163-edge      enp4s0-TxRx-11
 69:   14313016    2320176    6544162    1753761    4639344    2494702    5907566    4821004   15715590    6729948    3416750    2725331    3283941    5983408    8168392   13039492  IR-PCI-MSI 2097164-edge      enp4s0-TxRx-12
 70:    7000468    7360659    1318067   16620291    3829203    9929470    9969193    3184235    5766556    4566885    3694749    6109047    2729963    4011779    8358309    4108884  IR-PCI-MSI 2097165-edge      enp4s0-TxRx-13
 71:      33488    4413960   22970290    5325046    6761565   10316534   15657246    2162800    2160252    4868042     765253    4239978    6400507    2489655    2952988   10353027  IR-PCI-MSI 2097166-edge      enp4s0-TxRx-14
 72:    5536378    6077133     487363    5139815    5776736    7599356    8456485    6003280     666778   10395290   13597496    6321509    9981824    7410748    2861194    4300162  IR-PCI-MSI 2097167-edge      enp4s0-TxRx-15
 73:          0         29          3          8          0         29          0         18          1         12          3         74          0         18         16          4  IR-PCI-MSI 2097168-edge      enp4s0
NMI:       3095       7845       8481       6250       5565       4631       4926       4192       3620       5993       5627       4256       4206       3546       3445       3235   Non-maskable interrupts
LOC:  146598065  133906136  133433063  126137011  127845461  122831545  126711984  123037384  123034565  121833424  129271236  118577709  125513182  116408402  116937498  119022544   Local timer interrupts
SPU:          0          0          0          0          0          0          0          0          0          0          0          0          0          0          0          0   Spurious interrupts
PMI:       3095       7845       8481       6250       5565       4631       4926       4192       3620       5993       5627       4256       4206       3546       3445       3235   Performance monitoring interrupts
IWI:    1891694    1747205    1766799    1764490    1843619    1897914    1823551    1831208    1763819    1732096    1849725    1787391    1782547    1739985    1753211    1783459   IRQ work interrupts
RTR:          1          0          0          0          0          0          0          0          0          0          0          0          0          0          0          0   APIC ICR read retries
RES:     568894     556309     583982     598295     625248     581233     598553     598507     600732     553144     579290     541412     604357     568029     634327     586730   Rescheduling interrupts
CAL:   42008537   20132619   18077426   17343492   17218791   17404718   16865116   16833181   16986845   16664696   16513345   16983550   16859059   16251359   16316152   16468094   Function call interrupts
TLB:    3565590    3722422    3786637    3736543    3987485    4237602    4001236    3830721    4172441    3942680    3871217    3894091    3920862    3711456    3746658    3777895   TLB shootdowns
TRM:          0          0          0          0          0          0          0          0          0          0          0          0          0          0          0          0   Thermal event interrupts
THR:          0          0          0          0          0          0          0          0          0          0          0          0          0          0          0          0   Threshold APIC interrupts
DFR:          0          0          0          0          0          0          0          0          0          0          0          0          0          0          0          0   Deferred Error APIC interrupts
MCE:          0          0          0          0          0          0          0          0          0          0          0          0          0          0          0          0   Machine check exceptions
MCP:       5968       5968       5968       5968       5968       5968       5968       5968       5968       5968       5968       5968       5968       5968       5968       5968   Machine check polls
ERR:          0
MIS:          0
PIN:          0          0          0          0          0          0          0          0          0          0          0          0          0          0          0          0   Posted-interrupt notification event
NPI:          0          0          0          0          0          0          0          0          0          0          0          0          0          0          0          0   Nested posted-interrupt event
PIW:          0          0          0          0          0          0          0          0          0          0          0          0          0          0          0          0   Posted-interrupt wakeup event
