           CPU0       CPU1       CPU2       CPU3       CPU4       CPU5       CPU6       CPU7       CPU8       CPU9       CPU10      CPU11      CPU12      CPU13      CPU14      CPU15      
  0:         13          0          0          0          0          0          0          0          0          0          0          0          0          0          0          0  IR-IO-APIC   2-edge      timer
  8:          0          0          0          0          0          0          0          0          0          0          0          0          0          0          0          0  IR-IO-APIC   8-edge      rtc0
  9:          0          0          0          0          0          0          0          0          0          0          0          0          0          0          0          0  IR-IO-APIC   9-fasteoi   acpi
 10:          0          0       3365          0          0          0          0          0          0          0          0          0          0          0          0          0  IR-IO-APIC  10-edge      ipmi_si
 18:          0          0          0          0          0          0          0          0          0          0          0         64          0          0          0          0  IR-IO-APIC  18-fasteoi   ehci_hcd:usb1, ehci_hcd:usb2
 25:          0          0          0          0          0          0          0          0          0          0          0          0          0          0          0          0  IR-PCI-MSI 16384-edge      PCIe PME, aerdrv
 26:          0          0          0          0          0          0          0          0          0          0          0          0          0          0          0          0  IR-PCI-MSI 32768-edge      PCIe PME, aerdrv
 27:          0          0          0          0          0          0          0          0          0          0          0          0          0          0          0          0  IR-PCI-MSI 49152-edge      PCIe PME, aerdrv
 28:          0          0          0          0          0          0          0          0          0          0          0          0          0          0          0          0  IR-PCI-MSI 458752-edge      PCIe PME, pciehp
 29:          0          0          0          0          0          0          0          0          0          0          0          0          0          0          0          0  IR-PCI-MSI 460800-edge      PCIe PME, aerdrv
 30:          0          0          0          0          0          0          0          0          0          0          0          0          0          0          0          0  IR-PCI-MSI 462848-edge      PCIe PME, aerdrv
 31:          0          0          0          0          0          0          0          0          0          0          0          0          0          0          0          0  IR-PCI-MSI 464896-edge      PCIe PME, aerdrv
 35:        265        966        544       1128        480        416        336        289        112        849        320        994        120        424        592        185  IR-PCI-MSI 524288-edge      megasas0-msix0
 36:    1284566          0          0          0          0          0          0          0          0          0          0          0          0          0          0          0  IR-PCI-MSI 524289-edge      megasas0-msix1
 37:          0    1026805          0          0          0          0          0          0          0          0          0          0          0          0          0          0  IR-PCI-MSI 524290-edge      megasas0-msix2
 38:          0          0     911548          0          0          0          0          0          0          0          0          0          0          0          0          0  IR-PCI-MSI 524291-edge      megasas0-msix3
 39:          0          0          0     865977          0          0          0          0          0          0          0          0          0          0          0          0  IR-PCI-MSI 524292-edge      megasas0-msix4
 40:          0          0          0          0     815669          0          0          0          0          0          0          0          0          0          0          0  IR-PCI-MSI 524293-edge      megasas0-msix5
 41:          0          0          0          0          0     811288          0          0          0          0          0          0          0          0          0          0  IR-PCI-MSI 524294-edge      megasas0-msix6
 42:          0          0          0          0          0          0     780906          0          0          0          0          0          0          0          0          0  IR-PCI-MSI 524295-edge      megasas0-msix7
 43:          0          0          0          0          0          0          0     771557          0          0          0          0          0          0          0          0  IR-PCI-MSI 524296-edge      megasas0-msix8
 44:          0          0          0          0          0          0          0          0     682295          0          0          0          0          0          0          0  IR-PCI-MSI 524297-edge      megasas0-msix9
 45:          0          0          0          0          0          0          0          0          0     670027          0          0          0          0          0          0  IR-PCI-MSI 524298-edge      megasas0-msix10
 46:          0          0          0          0          0          0          0          0          0          0     670480          0          0          0          0          0  IR-PCI-MSI 524299-edge      megasas0-msix11
 47:          0          0          0          0          0          0          0          0          0          0          0     646059          0          0          0          0  IR-PCI-MSI 524300-edge      megasas0-msix12
 48:          0          0          0          0          0          0          0          0          0          0          0          0          0          0          0          0  DMAR-MSI   0-edge      dmar0
 49:          0          0          0          0          0          0          0          0          0          0          0          0    1174484          0          0          0  IR-PCI-MSI 524301-edge      megasas0-msix13
 50:          0          0          0          0          0          0          0          0          0          0          0          0          0     746050          0          0  IR-PCI-MSI 524302-edge      megasas0-msix14
 51:          0          0          0          0          0          0          0          0          0          0          0          0          0          0     700970          0  IR-PCI-MSI 524303-edge      megasas0-msix15
 52:          0          0          0          0          0          0          0          0          0          0          0          0          0          0          0     633744  IR-PCI-MSI 524304-edge      megasas0-msix16
 53:          0          0          0          0          0          0          0          0          0          0          0          0          0          0          0          0  IR-PCI-MSI 286720-edge      ahci[0000:00:11.4]
 54:          0          0          0          0          0          0          0          0          0          0          0          0          0          0         42          0  IR-PCI-MSI 327680-edge      xhci_hcd
 56:      37060      73769      12616     120666      27942      50256      31021     141031      18264      64303      20304     132311      21439      78095      35304      70009  IR-PCI-MSI 512000-edge      ahci[0000:00:1f.2]
 57:    6032603    6661690       1929    1823118   14088852    2966226    6799809    4369811    3559830    8026443   28615901    5353987   13157467    1629522    5200279   12383988  IR-PCI-MSI 2097152-edge      enp4s0-TxRx-0
 58:    3236552   10273749    1656686    5725089    8140580    9974159    3701277    3694287   11351079    9167695    1223328    7252399    1306060    6883697    4557678    2742751  IR-PCI-MSI 2097153-edge      enp4s0-TxRx-1
 59:    2186195    4905860    1592366    5694356    8814374    4221376   11209150   10624625    2147396    6436848    7250182    7824618     655372    8455603    6380682    2404256  IR-PCI-MSI 2097154-edge      enp4s0-TxRx-2
 60:     756599    4782589    3351486    3348930   10370982    8405770    3956313    5944742     308367    5564354    5975918    5947982   20379542    4469383    3047646    5110063  IR-PCI-MSI 2097155-edge      enp4s0-TxRx-3
 61:   12477603    1803523    7844600    4289129    2448944    2280406     985307   11841543   11081196    9561305    3281854    6977336    4162140    1571937    4594084    4974955  IR-PCI-MSI 2097156-edge      enp4s0-TxRx-4
 62:   16291148    9389585    6097239    2744583    4543949    3296471    7309141    8769675    5522793    2469876    1268060    6065745    1095698    5346492    6194241    5965060  IR-PCI-MSI 2097157-edge      enp4s0-TxRx-5
 63:    6504353    7447946    6169488    8634699    9925050    1478242    2110320    9392760    7818492    2683065    3004993    4051080    3641823   12444716    9451058    1484826  IR-PCI-MSI 2097158-edge      enp4s0-TxRx-6
 64:    7832825    6858477   16308920    8137637     855810    2808915    4331110    2452905   18793575    4148958    2571685    5231675    9459098    7806856    5984973     707158  IR-PCI-MSI 2097159-edge      enp4s0-TxRx-7
 65:    1836927    5458132   12398261    5544431    5905700    5223711     115610    4262240    6420138    4834603    2923364    5319816    6112940    5573895    7222506   11021048  IR-PCI-MSI 2097160-edge      enp4s0-TxRx-8
 66:    3013612    8193271     388821    6742783    1124105    8639416    2124961   10900041    2037228    7723553   10069926    8593445    3173706   11285891    6130327    9087968  IR-PCI-MSI 2097161-edge      enp4s0-TxRx-9
 67:    7560431    7660353    8798220    9266312    7794431   12970229    1953044    6706644      78277    4402125    2183007   10869099    6675931    4954844    8658351    2973594  IR-PCI-MSI 2097162-edge      enp4s0-TxRx-10
 68:    2966465    8081997    2706879    9097742     779911    4582523   13148971    3177835    2509549    7050936    9450965    8932149    6855026    4350750    8042432    8352323  IR-PCI-MSI 2097163-edge      enp4s0-TxRx-11
 69:   14315121    2328373    6592397    1753761    4639344    2494702    5907566    4821004   15715590    6729948    3416750    2726688    3283941    5983408    8168392   13039492  IR-PCI-MSI 2097164-edge      enp4s0-TxRx-12
 70:    7000468    7365331    1318067   16620291    3829203    9929470    9969193    3187286    5766556    4566885    3694749    6120930    2729963    4012676    8358309    4141861  IR-PCI-MSI 2097165-edge      enp4s0-TxRx-13
 71:      33488    4413960   22970290    5325046    6761565   10316534   15657246    2162800    2160252    4929338     765253    4239978    6400507    2489655    2952988   10353027  IR-PCI-MSI 2097166-edge      enp4s0-TxRx-14
 72:    5611129    6077133     487363    5139815    5776736    7599356    8456485    6003280     666778   10395290   13597496    6321509    9981824    7410748    2861194    4300162  IR-PCI-MSI 2097167-edge      enp4s0-TxRx-15
 73:          0         29          3          8          0         29          0         18          2         12          3         74          0         18         16          4  IR-PCI-MSI 2097168-edge      enp4s0
NMI:       3112       8048       8658       6343       5675       4714       5007       4281       3658       6114       5654       4309       4268       3603       3474       3267   Non-maskable interrupts
LOC:  147301495  134581939  134063368  126658666  128401638  123331732  127331286  123559887  123605954  122386560  129602767  119056421  125972026  116822959  117342257  119430277   Local timer interrupts
SPU:          0          0          0          0          0          0          0          0          0          0          0          0          0          0          0          0   Spurious interrupts
PMI:       3112       8048       8658       6343       5675       4714       5007       4281       3658       6114       5654       4309       4268       3603       3474       3267   Performance monitoring interrupts
IWI:    1900075    1751652    1771456    1770276    1848436    1904232    1828691    1836882    1769588    1736137    1855025    1796760    1789686    1747710    1762004    1792403   IRQ work interrupts
RTR:          1          0          0          0          0          0          0          0          0          0          0          0          0          0          0          0   APIC ICR read retries
RES:     569785     556716     584357     598943     625714     581684     599039     599042     601385     553568     579820     542066     605214     568498     635324     587209   Rescheduling interrupts
CAL:   42495859   20159843   18087962   17354265   17226849   17412851   16874651   16840994   16995615   16670428   16520775   16991324   16866393   16258777   16324464   16475945   Function call interrupts
TLB:    3566907    3723042    3787479    3738316    3988401    4238584    4001870    3831672    4173342    3943576    3872008    3895362    3921938    3712812    3747952    3778933   TLB shootdowns
TRM:          0          0          0          0          0          0          0          0          0          0          0          0          0          0          0          0   Thermal event interrupts
THR:          0          0          0          0          0          0          0          0          0          0          0          0          0          0          0          0   Threshold APIC interrupts
DFR:          0          0          0          0          0          0          0          0          0          0          0          0          0          0          0          0   Deferred Error APIC interrupts
MCE:          0          0          0          0          0          0          0          0          0          0          0          0          0          0          0          0   Machine check exceptions
MCP:       5985       5985       5985       5985       5985       5985       5985       5985       5985       5985       5985       5985       5985       5985       5985       5985   Machine check polls
ERR:          0
MIS:          0
PIN:          0          0          0          0          0          0          0          0          0          0          0          0          0          0          0          0   Posted-interrupt notification event
NPI:          0          0          0          0          0          0          0          0          0          0          0          0          0          0          0          0   Nested posted-interrupt event
PIW:          0          0          0          0          0          0          0          0          0          0          0          0          0          0          0          0   Posted-interrupt wakeup event
