           CPU0       CPU1       CPU2       CPU3       CPU4       CPU5       CPU6       CPU7       CPU8       CPU9       CPU10      CPU11      CPU12      CPU13      CPU14      CPU15      
  0:         13          0          0          0          0          0          0          0          0          0          0          0          0          0          0          0  IR-IO-APIC   2-edge      timer
  8:          0          0          0          0          0          0          0          0          0          0          0          0          0          0          0          0  IR-IO-APIC   8-edge      rtc0
  9:          0          0          0          0          0          0          0          0          0          0          0          0          0          0          0          0  IR-IO-APIC   9-fasteoi   acpi
 10:          0          0       3365          0          0          0          0          0          0          0          0          0          0          0          0          0  IR-IO-APIC  10-edge      ipmi_si
 18:          0          0          0          0          0          0          0          0          0          0          0         64          0          0          0          0  IR-IO-APIC  18-fasteoi   ehci_hcd:usb1, ehci_hcd:usb2
 25:          0          0          0          0          0          0          0          0          0          0          0          0          0          0          0          0  IR-PCI-MSI 16384-edge      PCIe PME, aerdrv
 26:          0          0          0          0          0          0          0          0          0          0          0          0          0          0          0          0  IR-PCI-MSI 32768-edge      PCIe PME, aerdrv
 27:          0          0          0          0          0          0          0          0          0          0          0          0          0          0          0          0  IR-PCI-MSI 49152-edge      PCIe PME, aerdrv
 28:          0          0          0          0          0          0          0          0          0          0          0          0          0          0          0          0  IR-PCI-MSI 458752-edge      PCIe PME, pciehp
 29:          0          0          0          0          0          0          0          0          0          0          0          0          0          0          0          0  IR-PCI-MSI 460800-edge      PCIe PME, aerdrv
 30:          0          0          0          0          0          0          0          0          0          0          0          0          0          0          0          0  IR-PCI-MSI 462848-edge      PCIe PME, aerdrv
 31:          0          0          0          0          0          0          0          0          0          0          0          0          0          0          0          0  IR-PCI-MSI 464896-edge      PCIe PME, aerdrv
 35:        265        966        544       1128        480        416        336        289        112        849        320        994        120        424        592        145  IR-PCI-MSI 524288-edge      megasas0-msix0
 36:    1278000          0          0          0          0          0          0          0          0          0          0          0          0          0          0          0  IR-PCI-MSI 524289-edge      megasas0-msix1
 37:          0    1024829          0          0          0          0          0          0          0          0          0          0          0          0          0          0  IR-PCI-MSI 524290-edge      megasas0-msix2
 38:          0          0     907894          0          0          0          0          0          0          0          0          0          0          0          0          0  IR-PCI-MSI 524291-edge      megasas0-msix3
 39:          0          0          0     861694          0          0          0          0          0          0          0          0          0          0          0          0  IR-PCI-MSI 524292-edge      megasas0-msix4
 40:          0          0          0          0     812323          0          0          0          0          0          0          0          0          0          0          0  IR-PCI-MSI 524293-edge      megasas0-msix5
 41:          0          0          0          0          0     808096          0          0          0          0          0          0          0          0          0          0  IR-PCI-MSI 524294-edge      megasas0-msix6
 42:          0          0          0          0          0          0     778173          0          0          0          0          0          0          0          0          0  IR-PCI-MSI 524295-edge      megasas0-msix7
 43:          0          0          0          0          0          0          0     767948          0          0          0          0          0          0          0          0  IR-PCI-MSI 524296-edge      megasas0-msix8
 44:          0          0          0          0          0          0          0          0     678774          0          0          0          0          0          0          0  IR-PCI-MSI 524297-edge      megasas0-msix9
 45:          0          0          0          0          0          0          0          0          0     668202          0          0          0          0          0          0  IR-PCI-MSI 524298-edge      megasas0-msix10
 46:          0          0          0          0          0          0          0          0          0          0     666219          0          0          0          0          0  IR-PCI-MSI 524299-edge      megasas0-msix11
 47:          0          0          0          0          0          0          0          0          0          0          0     642102          0          0          0          0  IR-PCI-MSI 524300-edge      megasas0-msix12
 48:          0          0          0          0          0          0          0          0          0          0          0          0          0          0          0          0  DMAR-MSI   0-edge      dmar0
 49:          0          0          0          0          0          0          0          0          0          0          0          0    1168880          0          0          0  IR-PCI-MSI 524301-edge      megasas0-msix13
 50:          0          0          0          0          0          0          0          0          0          0          0          0          0     742833          0          0  IR-PCI-MSI 524302-edge      megasas0-msix14
 51:          0          0          0          0          0          0          0          0          0          0          0          0          0          0     698577          0  IR-PCI-MSI 524303-edge      megasas0-msix15
 52:          0          0          0          0          0          0          0          0          0          0          0          0          0          0          0     631361  IR-PCI-MSI 524304-edge      megasas0-msix16
 53:          0          0          0          0          0          0          0          0          0          0          0          0          0          0          0          0  IR-PCI-MSI 286720-edge      ahci[0000:00:11.4]
 54:          0          0          0          0          0          0          0          0          0          0          0          0          0          0         42          0  IR-PCI-MSI 327680-edge      xhci_hcd
 56:      37060      73611      12606     119977      27525      49958      30932     140416      18264      63973      20294     131098      21359      78021      35304      69906  IR-PCI-MSI 512000-edge      ahci[0000:00:1f.2]
 57:    6032603    6638480       1929    1800648   14088852    2966226    6712860    4350267    3559830    8026443   28615901    5312683   13157467    1629522    5200279   12383988  IR-PCI-MSI 2097152-edge      enp4s0-TxRx-0
 58:    3236552   10273749    1656686    5725089    8140580    9974159    3701277    3693250   11351079    9167695    1223328    7252399    1222495    6883697    4557678    2742751  IR-PCI-MSI 2097153-edge      enp4s0-TxRx-1
 59:    2186195    4905860    1592366    5694356    8814374    4221376   11174178   10624625    2147396    6436848    7250182    7824618     655372    8414303    6380682    2404256  IR-PCI-MSI 2097154-edge      enp4s0-TxRx-2
 60:     756599    4782589    3351486    3348930   10370982    8405770    3956313    5944742     308367    5564354    5891645    5947982   20379542    4469383    3047646    5110063  IR-PCI-MSI 2097155-edge      enp4s0-TxRx-3
 61:   12477603    1803099    7807599    4286589    2448944    2280406     985307   11841543   11081196    9561305    3281854    6944915    4162140    1571937    4594084    4974955  IR-PCI-MSI 2097156-edge      enp4s0-TxRx-4
 62:   16291148    9389585    6097239    2744583    4543949    3296471    7309141    8769675    5522793    2469876    1268060    6065745    1095698    5346492    6103613    5965060  IR-PCI-MSI 2097157-edge      enp4s0-TxRx-5
 63:    6504353    7418664    6167175    8632449    9925050    1478242    2110320    9392760    7818492    2683065    3004993    4050965    3641823   12392046    9451058    1484826  IR-PCI-MSI 2097158-edge      enp4s0-TxRx-6
 64:    7832825    6858477   16308920    8137637     855810    2808915    4331110    2452905   18657479    4148958    2571685    5231675    9459098    7806856    5984973     707158  IR-PCI-MSI 2097159-edge      enp4s0-TxRx-7
 65:    1836927    5448204   12398261    5487519    5905700    5223711     115610    4238548    6420138    4834603    2920982    5319040    6112940    5573895    7222506   11021048  IR-PCI-MSI 2097160-edge      enp4s0-TxRx-8
 66:    3013612    8178569     388821    6719057    1124105    8627722    2124961   10891850    2037228    7719340   10069926    8590765    3173706   11285891    6130327    9087968  IR-PCI-MSI 2097161-edge      enp4s0-TxRx-9
 67:    7560431    7660353    8798220    9266312    7794431   12933878    1953044    6706644      78277    4402125    2183007   10869099    6675931    4954844    8658351    2914286  IR-PCI-MSI 2097162-edge      enp4s0-TxRx-10
 68:    2966465    8075437    2706879    9093296     779911    4582523   13148971    3130916    2509549    7049995    9450965    8910466    6855026    4350750    8042432    8352121  IR-PCI-MSI 2097163-edge      enp4s0-TxRx-11
 69:   14313016    2298257    6544162    1742690    4639344    2494702    5907566    4820181   15715590    6716207    3416750    2725269    3283941    5983408    8168392   13039492  IR-PCI-MSI 2097164-edge      enp4s0-TxRx-12
 70:    7000468    7357557    1318067   16616087    3829203    9929470    9969193    3183012    5766556    4566885    3694749    6094693    2725307    4011779    8358309    4107812  IR-PCI-MSI 2097165-edge      enp4s0-TxRx-13
 71:      33488    4400696   22970290    5308384    6761565   10316534   15657246    2160964    2160252    4864616     765253    4239551    6400507    2489655    2952988   10353027  IR-PCI-MSI 2097166-edge      enp4s0-TxRx-14
 72:    5500771    6077133     487363    5139815    5776736    7599356    8456485    6003280     666778   10395290   13597496    6321509    9981824    7410748    2861194    4300162  IR-PCI-MSI 2097167-edge      enp4s0-TxRx-15
 73:          0         29          3          8          0         29          0         18          1         12          3         74          0         18         16          4  IR-PCI-MSI 2097168-edge      enp4s0
NMI:       3087       7688       8387       6202       5551       4593       4906       4180       3607       5886       5610       4193       4184       3509       3435       3224   Non-maskable interrupts
LOC:  146211523  133476163  133072039  125839692  127635989  122560781  126462103  122752626  122701156  121533352  129041720  118257616  125229601  116107964  116668712  118769143   Local timer interrupts
SPU:          0          0          0          0          0          0          0          0          0          0          0          0          0          0          0          0   Spurious interrupts
PMI:       3087       7688       8387       6202       5551       4593       4906       4180       3607       5886       5610       4193       4184       3509       3435       3224   Performance monitoring interrupts
IWI:    1884756    1746387    1762878    1760773    1839536    1894571    1819724    1825305    1758406    1731350    1845960    1782875    1775692    1735870    1746275    1777181   IRQ work interrupts
RTR:          1          0          0          0          0          0          0          0          0          0          0          0          0          0          0          0   APIC ICR read retries
RES:     568443     556064     583660     597802     624891     580819     598244     598199     600218     552962     579038     541113     604060     567633     633841     586340   Rescheduling interrupts
CAL:   41733629   20123230   18067751   17336213   17213121   17399761   16859702   16827022   16981000   16662614   16508928   16979568   16853742   16247085   16310908   16463497   Function call interrupts
TLB:    3565045    3722119    3786304    3736000    3986816    4236807    4000485    3829844    4171822    3942487    3870749    3893565    3920276    3710875    3745949    3777232   TLB shootdowns
TRM:          0          0          0          0          0          0          0          0          0          0          0          0          0          0          0          0   Thermal event interrupts
THR:          0          0          0          0          0          0          0          0          0          0          0          0          0          0          0          0   Threshold APIC interrupts
DFR:          0          0          0          0          0          0          0          0          0          0          0          0          0          0          0          0   Deferred Error APIC interrupts
MCE:          0          0          0          0          0          0          0          0          0          0          0          0          0          0          0          0   Machine check exceptions
MCP:       5959       5959       5959       5959       5959       5959       5959       5959       5959       5959       5959       5959       5959       5959       5959       5959   Machine check polls
ERR:          0
MIS:          0
PIN:          0          0          0          0          0          0          0          0          0          0          0          0          0          0          0          0   Posted-interrupt notification event
NPI:          0          0          0          0          0          0          0          0          0          0          0          0          0          0          0          0   Nested posted-interrupt event
PIW:          0          0          0          0          0          0          0          0          0          0          0          0          0          0          0          0   Posted-interrupt wakeup event
